53.055874
190.5333
200.69463
210.93822
221.255
113.73097
242.07687
252.5684
263.1059
242.07687
252.5684
263.1059
273.68423
284.29895
294.94604
305.62198
316.32355
327.04794
337.79266
348.55545
359.33435
370.12756
380.93353
391.75082
402.57822
413.4146
424.259
435.1105
445.96832
445.0299
472.41763
473.71457
472.72406
366.58405
506.17978
503.87225
530.9181
529.00507
539.7345
538.53296
546.6745
557.2603
567.88165
578.53467
589.2158
599.92206
610.65063
621.39905
632.16516
642.94696
653.7428
664.5511
675.3705
686.1997
697.0377
707.88354
718.7363
729.59534
740.45984
751.3292
762.203
773.0806
783.96173
794.84595
805.73285
816.6222
827.51373
838.4072
849.3024
860.19916
871.0972
881.9965
892.8969
903.7982
914.7004
925.60333
936.50696
947.4112
958.3159
969.2211
980.1268
991.0328
1001.93915
1012.8458
955.5553
1029.801
1040.6428
1051.4921
1062.3479
1073.2096
1084.0765
1094.9481
1105.8237
1116.7031
1127.5857
1138.4712
1149.3593
1160.2496
1171.1421
1182.0364
1192.9323
1203.8296
1214.7283
1225.628
1236.5289
1237.538
1258.3333
1269.2366
1268.3386
1291.0449
1301.95
1299.7076
1323.7612
1324.7747
1345.574
1356.4807
1367.3878
1378.295
1389.2025
1400.1101
1411.018
1421.9259
1432.834
1443.7422
1454.6505
1465.5588
1476.4673
1487.3759
1498.2844
1509.1931
1520.1018
1531.0105
1541.9193
1552.8281
1563.7369
1574.6458
1585.5547
1596.4636
1617.059
1623.7643
1563.7369
1646.928
1654.8737
1647.6005
1651.2418
1677.3984
1670.0476
1685.6558
1713.8108
1710.0358
1708.0333
1718.6696
1735.5852
1740.0288
1740.8529
1765.8892
1767.3816
1778.0896
1806.3539
1794.7104
1805.4122
1833.6584
1822.0231
1832.7205
1860.9534
1849.3241
1860.0184
1888.9106
1884.9342
1887.3739
1916.2356
1912.2537
1914.7057
1943.545
1955.1277
1932.3026
1942.8693
1953.4736
1964.1115
1974.7792
1985.4734
1996.1913
2006.9302
2017.6879
2028.4622
2039.2512
2050.0535
2065.4553
2074.2336
2077.6016
2074.2888
2112.5132
2105.0688
2133.4429
2139.8943
2132.4783
2143.2256
2153.9907
2169.2803
2170.708
2169.6482
2121.2869
2202.9873
2200.6306
2230.0789
2230.54
2241.3005
2240.193
2219.0513
2219.2412
2219.7842
2217.124
2219.2075
2286.7651
2314.5068
2323.4148
2313.6743
2341.5518
2332.477
2330.9734
2341.4863
2370.3516
2379.5125
2378.2844
2387.5496
2383.427
2403.831
2413.5342
2424.2146
2434.921
2444.9797
2450.6936
2439.2341
2468.342
2445.9006
2456.3716
2466.8906
2477.4526
2488.0527
2498.687
2509.3516
2520.043
2530.7583
2541.4949
2552.2505
2548.9265
2505.0964
2505.763
2593.2693
2610.5518
2475.8674
2620.0964
2631.2158
2626.9624
2633.9546
2655.5881
2660.0554
2651.9602
2662.5647
2691.1865
2683.8704
2694.5647
2722.7886
2711.163
2721.8552
2732.5713
2743.3086
2754.0647
2764.8376
2775.6255
2786.4268
2797.24
2808.0637
2818.8967
2829.7383
2840.5872
2851.4426
2862.304
2873.1707
2884.042
2894.9175
2905.7966
2916.6792
2927.5647
2938.4526
2949.343
2960.2354
2971.1296
2982.0254
2992.9226
3003.8213
3004.8286
3025.6218
3036.5234
3035.6245
3058.3293
3069.2332
3066.9902
3091.0427
3101.9482
3098.7578
3118.9019
3129.743
3140.5913
3151.4465
3162.3076
3173.174
3184.0452
3194.9204
3205.7993
3216.6816
3227.567
3245.2324
3237.5422
3248.435
3275.9092
3263.0713
3269.9934
3279.8184
3318.0159
3316.3325
3316.4807
3327.188
3337.9175
3348.6667
3359.4336
3370.216
3381.0125
3391.8213
3402.641
3413.4707
3424.309
3435.1553
3446.0083
3456.8674
3467.7322
3478.6018
3489.4758
3500.3538
3511.235
3522.1194
3533.0063
3532.0942
3554.7874
3565.681
3563.429
3587.473
3598.371
3595.1743
3615.312
3626.1477
3627.0994
3637.9502
3658.7002
3669.5632
3689.3335
3691.304
3702.1807
3713.0608
3723.944
3734.8303
3745.719
3756.6099
3669.5632
3673.2468
3789.294
3669.5632
3673.745
3821.9907
3832.8918
3843.7937
3854.6965
3865.6
3876.5042
3887.4087
3895.6257
3909.2192
3920.1252
3924.3086
3941.938
3952.845
3954.1848
3974.6594
3985.567
3984.902
3992.8066
4003.518
4014.2512
4025.0037
4035.7734
4046.5583
4057.357
4068.1677
4078.9893
4089.8206
4100.66
4111.508
4122.362
4133.222
4144.088
4154.9585
4165.833
4176.7114
4187.5933
4198.478
4209.3657
4220.2554
4231.1475
4242.0415
4252.937
4263.834
4274.7324
4285.632
4296.532
4307.4336
4318.336
4329.2393
4340.143
4351.0474
4361.952
4372.8574
4383.763
4394.6694
4405.5757
4416.4824
4427.3896
4438.297
4449.204
4460.112
4471.0195
4481.9272
4492.8354
4503.7437
4514.652
4525.56
4536.4683
4547.377
4558.2856
4569.1943
4580.103
4591.0117
4601.9204
4612.829
4623.738
4634.6465
4645.555
4656.464
4667.3726
4678.2817
4689.191
4700.1
4711.0093
4721.9185
4732.8276
4743.737
4744.695
4691.5894
4688.9995
4769.1914
4772.0303
4803.361
4802.939
4798.8193
4773.3687
4833.9077
4779.767
4777.581
4778.58
4779.675
4777.4136
4779.268
4778.8125
4778.8345
4779.268
4877.1787
4877.5654
4893.9683
4907.549
4843.7803
4905.865
4907.549
4913.65
4923.448
4931.2627
4949.175
4959.6855
4970.24
4949.175
4959.6855
4970.24
4980.834
4991.4624
5002.1216
5012.808
5023.519
5034.252
5045.0044
5055.774
5066.5586
5077.357
5088.1675
5098.9893
5109.8203
5120.66
5131.5073
5142.3613
5159.9355
5167.8496
5170.1
5167.7617
5194.7124
5192.8413
5203.549
5233.2915
5210.452
5221.0225
5231.63
5242.2705
5252.941
5263.6377
5292.5376
5285.098
5295.8574
5292.5376
5312.565
5323.3027
5322.127
5330.2573
5340.849
5351.4756
5362.1333
5372.819
5383.529
5394.2607
5405.012
5415.781
5426.565
5437.363
5448.173
5458.9937
5469.824
5434.936
5435.954
5433.1074
5495.1533
5522.0596
5539.4536
5521.1885
5548.976
5466.587
5564.997
5543.987
5554.4683
5564.997
5575.5674
5586.1753
5596.816
5607.4863
5618.183
5628.9033
5639.644
5650.4033
5653.9937
5671.9697
5682.7734
5693.5884
5704.414
5715.2485
5726.0913
5736.9414
5747.798
5758.66
5759.8657
5780.4
5791.276
5790.5166
5798.462
5809.1514
5819.8647
5830.5996
5841.3535
5852.1245
5862.9106
5873.7104
5884.5225
5895.345
5906.1772
5917.0176
5927.8657
5938.7207
5949.5815
5960.4478
5971.3184
5982.1934
5986.6816
6003.9546
6000.7427
6012.027
6031.693
6028.4307
6054.529
6054.436
6082.708
6076.239
6076.2573
6099.516
6078.499
6088.9844
6099.516
6110.0894
6120.6997
6131.343
6142.015
6152.7134
6163.435
6174.1772
6184.938
6195.715
6206.5063
6217.3105
6228.1265
6238.9526
6249.788
6260.6313
6271.482
6282.339
6293.2017
6304.0693
6314.942
6325.8184
6336.698
6347.5815
6358.468
6369.3564
6380.247
6391.14
6402.0347
6412.9307
6423.828
6434.727
6445.627
6456.528
6467.4297
6478.3325
6489.236
6500.1396
6511.0444
6512.0576
6532.8555
6543.761
6542.866
6565.574
6576.481
6574.241
6598.2954
6609.203
6606.015
6612.0635
6632.143
6628.8306
6666.388
6672.1465
6660.591
6671.2456
6681.9287
6692.6367
6703.3667
6714.116
6724.8833
6735.666
6746.463
6757.272
6768.092
6778.922
6789.7603
6800.6064
6811.4595
6822.319
6833.1836
6844.053
6854.9272
6865.805
6876.6865
6887.571
6898.458
6909.3477
6920.2393
6931.133
6942.0283
6952.9253
6963.823
6974.7227
6985.623
6996.5244
7007.427
7018.3296
7029.2334
7040.1377
7051.0425
7061.9478
7072.8535
7083.76
7094.666
7105.5728
7116.4795
7127.3867
7138.294
7149.2017
7160.1094
7171.017
7181.9253
7192.8335
7203.7417
7162.9385
7232.386
7240.3315
7232.3887
7243.643
7271.8687
7262.8623
7261.2197
7271.8057
7300.998
7278.503
7288.9873
7299.5186
7310.0913
7320.701
7351.634
7342.0156
7352.714
7382.5674
7374.1772
7384.9375
7395.7144
7406.506
7417.31
7428.126
7386.72
7441.945
7395.7144
7386.72
7471.981
7482.374
7483.2925
7502.475
7495.8813
7499.7886
7510.301
7503.4585
7499.7886
7499.8613
7514.9404
7521.609
7518.0137
7499.791
7509.934
7520.161
7530.4634
7540.8325
7551.2607
7561.742
7572.2705
7551.2607
7580.3
7590.939
7601.609
7611.3584
7622.0767
7632.817
7642.9087
7631.315
7641.99
7652.691
7663.4146
7674.1587
7684.921
7695.699
7706.492
7717.298
7728.1147
7738.942
7749.778
7748.8203
7771.473
7782.3306
7780.047
7804.062
7814.935
7811.7163
7831.8335
7842.6514
7839.3843
7859.459
7870.2383
7881.0317
7849.566
7837.9507
7848.696
7849.566
7862.4497
7848.696
7849.566
7960.2393
7967.4014
7991.983
7997.006
8003.1304
8022.277
7997.4375
8027.6504
8020.8604
8031.285
8027.6694
8052.289
8031.285
8058.699
8047.4316
8077.889
8074.446
8079.068
8089.69
8100.3438
8111.026
8121.733
8132.462
8143.211
8153.9775
8164.76
8175.556
8186.3647
8197.185
8208.014
8218.852
8229.697
8240.55
8251.409
8262.273
8273.143
8284.017
8251.746
8250.815
8251.885
8251.334
8251.046
8250.635
8250.923
8251.58
8278.417
8393.82
8399.407
8388.686
8389.136
8404.297
8419.415
8419.733
8404.297
8409.686
8429.847
8440.283
8450.771
8461.307
8440.283
8450.771
8461.307
8471.883
8482.495
8493.141
8503.815
8514.516
8525.239
8535.982
8546.744
8557.522
8568.314
8579.12
8589.937
8600.764
8611.6
8622.443
8633.295
8644.152
8655.016
8665.884
8676.757
8687.634
8698.514
8709.397
8720.284
8731.173
8742.063
8752.956
8763.851
8774.747
8785.645
8796.544
8807.444
8818.346
8829.248
8840.15
8851.054
8861.958
8872.862
8883.768
8894.673
8905.579
8916.485
8927.392
8926.497
8906.591
8960.113
8957.873
8973.3125
8992.836
8989.647
8906.179
9015.776
9026.561
9025.527
9033.595
9044.22
9054.876
9065.56
9076.269
8991.493
8998.605
8995.874
8988.453
8998.644
8995.539
9136.064
9158.499
9082.093
9136.064
9158.499
9161.532
9160.952
9135.609
9131.135
9083.15
9154.274
9133.87
9144.031
9154.274
9164.591
9174.973
9185.412
9195.903
9194.641
9185.412
9195.903
9224.185
9178.728
9227.633
9255.618
9178.841
9249.877
9277.7
9286.19
9271.993
9282.561
9293.166
9325.993
9314.473
9325.168
9325.993
9346.626
9357.384
9356.356
9378.947
9389.75
9387.418
9411.39
9422.224
9433.066
9443.916
9454.772
9465.635
9483.23
9487.374
9498.25
9513.872
9515.154
9516.079
9542.774
9542.783
9553.564
9568.899
9570.306
9581.059
9591.829
9602.614
9613.413
9624.225
9635.047
9645.879
9656.719
9667.566
9678.421
9689.281
9700.147
9711.018
9721.893
9732.771
9743.653
9754.538
9765.426
9776.315
9787.207
9798.101
9808.996
9819.894
9830.792
9841.691
9852.592
9853.6
9881.209
9885.299
9884.399
9911.909
9913.151
9923.991
9938.559
9940.837
9951.632
9950.627
9958.682
9986.613
9975.117
9985.741
9996.396
10007.08
10017.788
10028.519
10039.269
10050.036
10060.819
10071.616
10082.426
10093.246
10092.272
10117.939
10116.041
10126.764
10137.507
10148.268
10159.045
10105.373
10105.1
10105.798
10107.965
10104.69
10107.908
10107.84
10107.819
10107.908
10245.5
10275.695
10275.695
10275.695
10268.51
10268.51
10260.499
10279.179
10268.51
10260.499
10279.179
10268.51
10268.861
10279.179
10296.744
10295.383
10305.875
10296.744
10323.735
10305.875
10326.305
10323.735
10334.351
10356.799
10353.378
10379.455
10385.077
10393.106
10379.455
10385.077
10393.106
10405.327
10425.616
10436.168
10432.666
10425.616
10436.168
10463.966
10452.529
10463.121
10473.748
10484.406
10495.092
10505.802
10516.533
10527.284
10538.053
10538.946
10559.635
10570.445
10569.466
10592.098
10602.937
10600.637
10624.637
10635.497
10646.362
10657.232
10658.214
10685.739
10689.866
10688.949
10716.4
10717.67
10716.695
10743.022
10762.947
10751.246
10761.9795
10776.224
10778.641
10789.36
10800.101
10810.859
10821.635
10832.425
10843.229
10842.24
10878.081
10875.703
10873.396
10906.711
10903.397
10914.194
10913.861
10932.21
10944.863
10940.781
10961.734
10970.901
10949.89
10960.372
10970.901
10981.473
10992.081
11002.723
11013.394
11024.091
11034.812
11045.553
11056.3125
11067.089
11077.88
11088.684
11099.499
11110.324
11121.159
11132.002
11142.853
11153.709
11164.571
11175.438
11186.311
11197.187
11208.066
11218.949
11229.835
11240.724
11256.383
11261.299
11209.085
11261.242
11276.274
11295.98
11292.694
11315.573
11313.807
11324.458
11353.95
11331.269
11341.8
11352.372
11362.981
11373.624
11384.296
11394.994
11405.715
11416.457
11427.217
11437.993
11448.784
11459.588
11470.403
11481.2295
11498.717
11509.58
11513.758
11533.956
11522.3955
11540.947
11563.803
11552.435
11572.898
11587.189
11589.846
11576.264
11586.845
11597.462
11608.111
11637.816
11629.492
11640.219
11669.205
11661.729
11672.509
11669.205
11689.256
11691.699
11714.6045
11707.114
11721.677
11723.372
11751.863
11747.813
11750.412
11778.989
11792.498
11781.46
11801.08
11789.355
11795.598
11820.956
11813.37
11740.297
11842.484
11846.904
11754.404
11751.963
11863.811
11864.333
11882.212
11877.974
11898.273
11877.287
11887.756
11898.273
11908.834
11919.433
11930.065
11940.729
11951.419
11962.133
11972.868
11983.623
11994.395
12005.182
12015.982
12026.795
12037.618
12048.45
12059.291
12070.14
12080.995
12091.856
12102.723
12113.594
12119.311
12120.594
12148.863
12152.131
12151.164
12179.14
12184.662
12182.37
12210.14
12212.393
12223.2
12234.019
12244.847
12255.684
12266.528
12277.381
12288.239
12299.104
12309.973
12320.846
12331.723
12342.604
12353.487
12364.374
12375.263
12386.154
12397.048
12407.943
12418.84
12429.738
12440.638
12451.538
12462.439
12473.342
12484.245
12495.148
12492.903
12516.957
12527.862
12524.67
12544.814
12555.655
12566.504
12577.359
12575.072
12590.369
12609.958
12606.735
12615.702
12627.95
12638.6455
12668.337
12645.529
12656.092
12666.692
12696.251
12687.99
12698.682
12727.566
12720.133
12730.889
12727.566
12747.59
12758.325
12769.08
12779.852
12804.349
12744.817
12747.59
12820.9375
12745.315
12747.59
12849.262
12874.203
12875.651
12882.632
12895.494
12895.123
12909.256
12899.983
12904.528
12913.952
12924.388
12920.109
12940.374
12950.903
12929.892
12940.374
12950.903
12961.474
12972.082
12982.723
12993.394
13004.091
13014.811
13025.552
13036.312
13047.088
13057.879
13068.683
13079.498
13090.323
13088.011
13112.001
13122.852
13119.611
13139.708
13150.51
13147.228
13167.292
13178.06
13174.748
13194.782
13205.526
13216.289
13227.067
13237.86
13248.666
13259.483
13270.311
13281.146
13291.99
13302.842
13313.699
13324.5625
13335.431
13346.304
13357.181
13368.061
13378.944
13375.733
13386.352
13401.829
13399.449
13423.383
13434.181
13430.894
13450.951
13461.717
13472.498
13483.293
13494.101
13504.92
13515.749
13526.587
13537.433
13548.285
13559.144
13546.967
13575.706
13578.694
13550.803
13608.053
13601.08
13552.054
13643.469
13635.103
13657.75
13643.469
13671.253
13662.161
13660.697
13671.19
13622.859
13626.448
13692.468
13718.207
13609.6875
13731.769
13722.62
13739.294
13753.217
13748.967
13757.171
13772.513
13768.019
13785.7
13786.352
13775.203
13805.644
13816.295
13806.826
13836.332
13847.06
13838.775
13867.622
13878.404
13870.953
13881.718
13892.498
13903.293
13904.211
13924.919
13935.747
13934.786
13957.431
13968.283
13979.142
13990.006
13989.073
14011.748
14022.625
14020.359
14044.39
14055.276
14052.071
14072.199
14083.027
14093.864
14100.822
14099.489
14111.777
14129.669
14127.282
14143.874
14159.706
14156.414
14176.157
14186.949
14197.755
14208.571
14219.398
14230.234
14241.078
14251.93
14262.787
14273.65
14284.519
14295.392
14306.269
14317.148
14328.032
14338.919
14349.808
14360.698
14371.591
14382.485
14393.382
14404.279
14401.084
14421.22
14432.056
14428.805
14448.891
14459.683
14456.391
14476.446
14487.207
14497.984
14508.776
14519.581
14530.397
14541.224
14552.059
14562.902
14573.753
14584.61
14595.474
14606.342
14617.214
14616.288
14643.714
14644.993
14644.014
14670.323
14672.625
14683.406
14697.794
14700.152
14710.905
14721.676
14732.462
14743.261
14754.072
14764.895
14775.727
14786.566
14797.414
14808.269
14819.129
14829.995
14840.866
14851.741
14862.62
14873.502
14884.387
14895.274
14906.164
14917.056
14927.949
14938.845
14949.742
14960.641
14971.54
14982.44
14993.342
15004.244
15015.147
15026.051
15036.955
15047.86
15058.766
15069.671
15080.577
15091.483
15102.391
15113.298
15124.205
15135.112
15146.02
15156.928
15167.836
15178.744
15189.652
15200.561
15211.469
15222.377
15233.285
15244.193
15255.102
15266.01
15276.919
15287.828
15298.737
15309.646
15320.556
15331.465
15342.374
15353.283
15364.192
15375.102
15386.011
15396.92
15407.829
15418.738
15429.647
15440.557
15451.466
15462.375
15473.284
15484.193
15495.103
15506.012
15516.921
15527.83
15538.739
15549.648
15560.558
15571.467
15582.376
15593.285
15604.194
15615.104
15626.013
15636.922
15647.831
15658.74
15669.649
15680.559
15691.468
15702.377
15713.286
15724.195
15735.1045
15746.014
15756.923
15767.832
15778.741
15789.65
15800.56
15811.469
15822.378
15833.287
15844.196
15855.105
15866.015
15876.924
15887.833
15898.742
15909.651
15920.561
15931.47
15942.379
15953.288
15964.197
15975.106
15986.016
15996.925
16007.834
16018.743
16029.892
16034.692
16042.151
16027.294
16031.242
16042.151
